CONJECTURE 1 : sur 10^4 essais au hasard sur chaque n, voici les meilleures décompositions trouvées :

n , ~m(n) , Liste des connus
1 , 0 , [1]
2 , 1 , [1,2]
3 , 2 , [1,2]
4 , 2 , [1, 2, 4]
5 , 3 , [1, 2, 4, 5]
6 , 3 , [1, 2, 3, 6]
7 , 4 , [1, 2, 3, 4, 7]
8 , 3 , [1, 2, 4, 8]
9 , 4 , [1, 2, 4, 5, 9]
10 , 4 , [1, 2, 4, 6, 10]
11 , 5 , [1, 2, 3, 5, 6, 11]
12 , 4 , [1, 2, 3, 6, 12]
13 , 5 , [1, 2, 3, 5, 8, 13]
14 , 5 , [1, 2, 3, 4, 7, 14]
15 , 5 , [1, 2, 3, 6, 9, 15]
16 , 4 , [1, 2, 4, 8, 16]
17 , 5 , [1, 2, 4, 8, 9, 17]
18 , 5 , [1, 2, 3, 6, 12, 18]
19 , 6 , [1, 2, 3, 6, 12, 13, 19]
20 , 5 , [1, 2, 4, 8, 12, 20]
21 , 6 , [1, 2, 3, 5, 8, 16, 21]
22 , 6 , [1, 2, 4, 6, 10, 20, 22]
23 , 6 , [1, 2, 3, 5, 10, 13, 23]
24 , 5 , [1, 2, 3, 6, 12, 24]
25 , 6 , [1, 2, 4, 6, 12, 13, 25]
26 , 6 , [1, 2, 4, 8, 9, 17, 26]
27 , 6 , [1, 2, 3, 6, 12, 15, 27]
28 , 6 , [1, 2, 3, 5, 7, 14, 28]
29 , 7 , [1, 2, 4, 5, 6, 12, 17, 29]
30 , 6 , [1, 2, 3, 6, 12, 15, 30]
31 , 7 , [1, 2, 3, 5, 7, 12, 19, 31]
32 , 5 , [1, 2, 4, 8, 16, 32]
33 , 6 , [1, 2, 4, 8, 16, 17, 33]
34 , 6 , [1, 2, 4, 8, 9, 17, 34]
35 , 7 , [1, 2, 3, 5, 10, 15, 30, 35]
36 , 6 , [1, 2, 4, 6, 12, 18, 36]
37 , 7 , [1, 2, 4, 8, 12, 13, 25, 37]
38 , 7 , [1, 2, 4, 6, 7, 12, 19, 38]
39 , 7 , [1, 2, 3, 6, 9, 18, 21, 39]
40 , 6 , [1, 2, 3, 5, 10, 20, 40]
41 , 7 , [1, 2, 3, 5, 10, 20, 21, 41]
42 , 7 , [1, 2, 4, 6, 10, 20, 40, 42]
43 , 8 , [1, 2, 3, 5, 8, 13, 21, 22, 43]
44 , 7 , [1, 2, 4, 5, 9, 18, 22, 44]
45 , 7 , [1, 2, 3, 6, 9, 18, 36, 45]
46 , 8 , [1, 2, 4, 5, 9, 10, 13, 23, 46]
47 , 8 , [1, 2, 4, 5, 10, 15, 17, 30, 47]
48 , 7 , [1, 2, 3, 5, 7, 12, 24, 48]
49 , 9 , [1, 2, 3, 5, 6, 11, 16, 22, 27, 49]
50 , 7 , [1, 2, 3, 5, 10, 20, 40, 50]
51 , 8 , [1, 2, 3, 5, 7, 12, 17, 34, 51]
52 , 8 , [1, 2, 4, 6, 10, 14, 24, 38, 52]
53 , 9 , [1, 2, 3, 6, 12, 13, 15, 25, 40, 53]
54 , 7 , [1, 2, 4, 5, 9, 18, 36, 54]
55 , 9 , [1, 2, 3, 4, 7, 10, 14, 24, 48, 55]
56 , 7 , [1, 2, 4, 8, 16, 24, 28, 56]
57 , 8 , [1, 2, 4, 8, 9, 11, 19, 38, 57]
58 , 8 , [1, 2, 3, 5, 7, 12, 17, 29, 58]
59 , 9 , [1, 2, 3, 6, 8, 16, 24, 27, 35, 59]
60 , 8 , [1, 2, 4, 5, 8, 13, 17, 30, 60]
61 , 9 , [1, 2, 3, 5, 10, 20, 30, 31, 41, 61]
62 , 8 , [1, 2, 4, 8, 10, 16, 26, 36, 62]
63 , 8 , [1, 2, 3, 6, 9, 12, 21, 42, 63]
64 , 8 , [1, 2, 4, 5, 7, 12, 16, 32, 64]
65 , 9 , [1, 2, 3, 4, 7, 10, 17, 24, 48, 65]
66 , 9 , [1, 2, 3, 6, 8, 14, 15, 29, 37, 66]
67 , 8 , [1, 2, 3, 4, 8, 16, 32, 35, 67]
68 , 8 , [1, 2, 3, 4, 7, 10, 17, 34, 68]
69 , 10 , [1, 2, 3, 4, 5, 8, 16, 21, 23, 46, 69]
70 , 9 , [1, 2, 4, 6, 7, 9, 13, 22, 35, 70]
71 , 10 , [1, 2, 4, 5, 6, 8, 14, 15, 28, 43, 71]
72 , 8 , [1, 2, 3, 4, 5, 9, 18, 36, 72]
73 , 10 , [1, 2, 3, 5, 10, 12, 15, 30, 60, 72, 73]
74 , 9 , [1, 2, 3, 4, 7, 9, 14, 23, 37, 74]
75 , 9 , [1, 2, 3, 6, 7, 8, 15, 30, 45, 75]
76 , 9 , [1, 2, 4, 6, 8, 14, 15, 23, 38, 76]
77 , 10 , [1, 2, 3, 6, 7, 10, 16, 32, 38, 45, 77]
78 , 9 , [1, 2, 4, 8, 10, 11, 18, 21, 39, 78]
79 , 11 , [1, 2, 3, 5, 7, 10, 13, 15, 16, 32, 47, 79]
80 , 9 , [1, 2, 3, 5, 6, 7, 13, 20, 40, 80]
81 , 10 , [1, 2, 3, 4, 5, 10, 14, 19, 38, 43, 81]
82 , 9 , [1, 2, 3, 4, 8, 11, 19, 30, 41, 82]
83 , 10 , [1, 2, 3, 5, 6, 9, 14, 23, 37, 60, 83]
84 , 9 , [1, 2, 3, 4, 6, 10, 20, 21, 42, 84]
85 , 10 , [1, 2, 3, 5, 7, 9, 14, 19, 33, 52, 85]
86 , 10 , [1, 2, 3, 4, 7, 10, 14, 24, 31, 55, 86]
87 , 11 , [1, 2, 3, 5, 7, 9, 12, 15, 24, 36, 51, 87]
88 , 10 , [1, 2, 3, 4, 5, 10, 14, 28, 32, 56, 88]
89 , 12 , [1, 2, 3, 5, 7, 9, 10, 12, 21, 26, 47, 68, 89]
90 , 11 , [1, 2, 3, 4, 6, 7, 8, 16, 19, 26, 45, 90]
91 , 11 , [1, 2, 3, 5, 6, 9, 12, 21, 24, 45, 90, 91]
92 , 10 , [1, 2, 3, 4, 7, 8, 11, 12, 23, 46, 92]
93 , 11 , [1, 2, 3, 5, 6, 8, 14, 17, 34, 42, 51, 93]
94 , 11 , [1, 2, 3, 4, 5, 6, 11, 15, 18, 29, 47, 94]
95 , 12 , [1, 2, 3, 5, 6, 8, 9, 17, 26, 34, 35, 69, 95]
96 , 11 , [1, 2, 3, 4, 5, 9, 10, 13, 26, 39, 48, 96]
97 , 11 , [1, 2, 4, 5, 7, 12, 14, 28, 40, 52, 57, 97]
98 , 11 , [1, 2, 3, 4, 7, 8, 11, 18, 20, 31, 49, 98]
99 , 12 , [1, 2, 3, 4, 7, 11, 14, 22, 26, 40, 51, 73, 99]
100 , 11 , [1, 2, 3, 5, 6, 9, 12, 21, 24, 26, 50, 100]
101 , 12 , [1, 2, 3, 4, 6, 8, 14, 18, 32, 40, 43, 58, 101]
102 , 11 , [1, 2, 3, 5, 6, 7, 11, 13, 20, 40, 51, 102]
103 , 13 , [1, 2, 3, 4, 5, 9, 12, 17, 26, 35, 38, 47, 56, 103]
104 , 10 , [1, 2, 3, 5, 6, 10, 15, 20, 26, 52, 104]
105 , 12 , [1, 2, 3, 5, 6, 8, 11, 14, 28, 33, 44, 61, 105]
106 , 10 , [1, 2, 3, 6, 8, 14, 17, 18, 36, 53, 106]
107 , 12 , [1, 2, 3, 4, 7, 8, 11, 15, 18, 33, 48, 59, 107]
108 , 11 , [1, 2, 3, 4, 8, 11, 12, 14, 25, 50, 54, 108]
109 , 12 , [1, 2, 3, 4, 8, 12, 20, 21, 22, 34, 54, 88, 109]
110 , 12 , [1, 2, 3, 4, 7, 9, 10, 13, 20, 33, 42, 55, 110]
111 , 12 , [1, 2, 3, 4, 5, 7, 8, 13, 21, 28, 49, 62, 111]
112 , 12 , [1, 2, 3, 4, 6, 7, 8, 10, 17, 27, 54, 58, 112]
113 , 12 , [1, 2, 3, 4, 5, 7, 12, 17, 24, 36, 53, 106, 113]
114 , 12 , [1, 2, 4, 6, 8, 9, 17, 21, 25, 30, 55, 57, 114]
115 , 13 , [1, 2, 3, 4, 5, 6, 10, 20, 21, 25, 50, 55, 60, 115]
116 , 10 , [1, 2, 3, 5, 6, 8, 14, 22, 36, 58, 116]
117 , 12 , [1, 2, 3, 4, 5, 8, 10, 18, 28, 33, 56, 61, 117]
118 , 12 , [1, 2, 3, 4, 7, 10, 20, 22, 32, 54, 64, 96, 118]
119 , 12 , [1, 2, 3, 5, 8, 11, 16, 32, 37, 39, 50, 87, 119]
120 , 13 , [1, 2, 3, 4, 5, 8, 10, 15, 20, 21, 29, 50, 70, 120]
121 , 13 , [1, 2, 3, 6, 7, 9, 10, 12, 14, 23, 35, 49, 72, 121]
122 , 12 , [1, 2, 4, 6, 7, 8, 15, 16, 22, 23, 45, 61, 122]
123 , 13 , [1, 2, 3, 4, 5, 6, 8, 10, 12, 18, 36, 41, 82, 123]
124 , 11 , [1, 2, 4, 8, 12, 20, 22, 32, 34, 46, 78, 124]
125 , 14 , [1, 2, 3, 4, 6, 12, 13, 24, 26, 32, 38, 51, 55, 87, 125]
126 , 11 , [1, 2, 3, 4, 7, 8, 12, 20, 22, 42, 84, 126]
127 , 13 , [1, 2, 3, 5, 10, 13, 15, 16, 18, 25, 43, 59, 84, 127]
128 , 12 , [1, 2, 3, 4, 5, 8, 12, 15, 30, 34, 49, 64, 128]
129 , 11 , [1, 2, 3, 4, 7, 11, 15, 26, 33, 59, 118, 129]
130 , 12 , [1, 2, 3, 4, 5, 7, 11, 13, 24, 28, 37, 65, 130]
131 , 13 , [1, 2, 3, 4, 5, 8, 9, 10, 14, 23, 37, 47, 84, 131]
132 , 13 , [1, 2, 3, 4, 7, 11, 12, 16, 18, 21, 37, 48, 66, 132]
133 , 15 , [1, 2, 3, 5, 6, 7, 9, 10, 12, 17, 26, 34, 60, 63, 70, 133]
134 , 12 , [1, 2, 3, 6, 8, 9, 17, 26, 34, 40, 74, 100, 134]
135 , 14 , [1, 2, 3, 4, 5, 6, 8, 9, 15, 23, 25, 30, 55, 80, 135]
136 , 11 , [1, 2, 3, 4, 8, 9, 13, 26, 30, 38, 68, 136]
137 , 14 , [1, 2, 3, 4, 5, 7, 11, 14, 19, 38, 40, 45, 59, 78, 137]
138 , 12 , [1, 2, 3, 5, 7, 8, 14, 22, 27, 34, 42, 69, 138]
139 , 14 , [1, 2, 3, 4, 6, 8, 14, 22, 24, 32, 40, 43, 48, 91, 139]
140 , 14 , [1, 2, 3, 4, 5, 7, 9, 11, 14, 19, 25, 44, 69, 70, 140]
141 , 14 , [1, 2, 3, 4, 5, 6, 10, 11, 12, 22, 26, 52, 78, 130, 141]
142 , 11 , [1, 2, 3, 5, 8, 9, 14, 17, 31, 40, 71, 142]
143 , 14 , [1, 2, 3, 5, 7, 8, 9, 12, 13, 17, 29, 42, 59, 101, 143]
144 , 14 , [1, 2, 3, 5, 6, 7, 12, 13, 19, 25, 31, 38, 41, 72, 144]
145 , 15 , [1, 2, 3, 4, 7, 8, 14, 15, 19, 28, 29, 30, 34, 63, 82, 145]
146 , 14 , [1, 2, 4, 5, 6, 7, 9, 11, 13, 20, 21, 32, 64, 73, 146]
147 , 14 , [1, 2, 3, 4, 5, 7, 10, 17, 21, 23, 25, 42, 63, 84, 147]
148 , 14 , [1, 2, 3, 4, 7, 9, 11, 14, 15, 29, 40, 55, 84, 139, 148]
149 , 15 , [1, 2, 3, 4, 5, 6, 10, 12, 15, 17, 27, 31, 43, 53, 96, 149]
150 , 11 , [1, 2, 3, 4, 5, 9, 12, 13, 25, 50, 100, 150]
151 , 13 , [1, 2, 3, 4, 5, 8, 16, 21, 23, 27, 35, 58, 93, 151]
152 , 13 , [1, 2, 3, 4, 5, 8, 11, 12, 19, 23, 30, 53, 76, 152]
153 , 14 , [1, 2, 3, 4, 5, 7, 11, 12, 13, 16, 20, 31, 51, 102, 153]
154 , 13 , [1, 2, 4, 5, 7, 8, 9, 11, 20, 29, 58, 69, 77, 154]
155 , 15 , [1, 2, 3, 4, 6, 8, 9, 11, 15, 19, 23, 38, 47, 61, 108, 155]
156 , 14 , [1, 2, 3, 4, 5, 9, 13, 18, 20, 25, 26, 51, 77, 78, 156]
157 , 15 , [1, 2, 3, 5, 6, 7, 11, 22, 23, 28, 30, 46, 53, 83, 111, 157]
158 , 14 , [1, 2, 3, 4, 6, 7, 11, 12, 23, 35, 36, 42, 78, 79, 158]
159 , 15 , [1, 2, 3, 4, 5, 6, 8, 10, 11, 12, 23, 46, 54, 59, 100, 159]
160 , 12 , [1, 2, 4, 6, 7, 8, 10, 12, 19, 21, 40, 80, 160]
161 , 14 , [1, 2, 3, 5, 7, 9, 16, 19, 28, 31, 40, 50, 80, 111, 161]
162 , 14 , [1, 2, 3, 6, 8, 9, 10, 11, 18, 19, 22, 37, 44, 81, 162]
163 , 14 , [1, 2, 4, 5, 7, 8, 12, 19, 24, 43, 47, 55, 60, 103, 163]
164 , 14 , [1, 2, 3, 4, 5, 6, 9, 10, 12, 18, 30, 60, 72, 82, 164]
165 , 15 , [1, 2, 3, 4, 7, 10, 11, 13, 16, 20, 21, 33, 36, 72, 144, 165]
166 , 14 , [1, 2, 3, 4, 6, 7, 13, 16, 22, 28, 44, 66, 94, 138, 166]
167 , 13 , [1, 2, 3, 4, 7, 11, 13, 22, 25, 38, 63, 66, 129, 167]
168 , 15 , [1, 2, 3, 4, 5, 6, 7, 9, 12, 14, 18, 21, 33, 66, 84, 168]
169 , 17 , [1, 2, 3, 4, 7, 8, 9, 11, 13, 20, 27, 40, 41, 48, 54, 67, 121, 169]
170 , 15 , [1, 2, 3, 4, 5, 7, 14, 16, 18, 32, 48, 52, 66, 84, 86, 170]
171 , 14 , [1, 2, 3, 4, 5, 7, 9, 16, 32, 48, 53, 58, 60, 118, 171]
172 , 13 , [1, 2, 3, 4, 6, 7, 9, 11, 15, 26, 37, 43, 86, 172]
173 , 17 , [1, 2, 3, 4, 7, 8, 9, 13, 15, 17, 21, 24, 48, 65, 78, 156, 158, 173]
174 , 15 , [1, 2, 3, 4, 5, 7, 8, 11, 12, 13, 19, 23, 32, 55, 87, 174]
175 , 16 , [1, 2, 3, 4, 6, 7, 8, 9, 11, 14, 18, 23, 29, 43, 66, 109, 175]
176 , 13 , [1, 2, 3, 6, 7, 9, 10, 20, 27, 29, 39, 59, 88, 176]
177 , 16 , [1, 2, 3, 4, 5, 6, 8, 11, 12, 20, 24, 35, 37, 48, 83, 94, 177]
178 , 14 , [1, 2, 3, 4, 5, 6, 7, 9, 14, 20, 21, 42, 47, 89, 178]
179 , 17 , [1, 2, 3, 4, 5, 6, 10, 13, 15, 16, 19, 25, 32, 35, 40, 72, 144, 179]
180 , 13 , [1, 2, 3, 4, 8, 12, 14, 17, 25, 37, 39, 51, 90, 180]
181 , 16 , [1, 2, 3, 4, 5, 6, 7, 10, 12, 18, 22, 30, 52, 53, 106, 128, 181]
182 , 16 , [1, 2, 3, 4, 7, 8, 9, 11, 14, 18, 22, 29, 40, 69, 80, 102, 182]
183 , 13 , [1, 2, 3, 4, 6, 9, 11, 14, 20, 23, 40, 80, 160, 183]
184 , 15 , [1, 2, 3, 4, 5, 7, 8, 12, 20, 23, 35, 42, 43, 50, 92, 184]
185 , 16 , [1, 2, 3, 4, 5, 7, 8, 9, 13, 14, 27, 29, 37, 45, 90, 95, 185]
186 , 15 , [1, 2, 3, 4, 6, 7, 8, 12, 15, 22, 25, 29, 58, 70, 128, 186]
187 , 15 , [1, 2, 3, 4, 5, 7, 8, 13, 14, 21, 28, 42, 49, 91, 96, 187]
188 , 13 , [1, 2, 4, 5, 6, 7, 10, 14, 19, 33, 40, 47, 94, 188]
189 , 18 , [1, 2, 4, 6, 7, 8, 9, 10, 11, 13, 15, 23, 36, 46, 55, 78, 110, 188, 189]
190 , 14 , [1, 2, 3, 4, 5, 7, 8, 9, 11, 12, 21, 42, 84, 95, 190]
191 , 16 , [1, 2, 3, 4, 6, 7, 8, 9, 13, 20, 21, 28, 49, 57, 85, 106, 191]
192 , 15 , [1, 2, 3, 4, 6, 10, 14, 17, 18, 24, 32, 36, 56, 60, 96, 192]
193 , 15 , [1, 2, 3, 4, 7, 8, 10, 11, 14, 25, 35, 36, 43, 79, 114, 193]
194 , 18 , [1, 2, 3, 5, 7, 8, 9, 11, 16, 17, 20, 24, 25, 34, 50, 75, 95, 119, 194]
195 , 15 , [1, 2, 3, 4, 5, 9, 10, 18, 19, 20, 36, 55, 75, 130, 140, 195]
196 , 16 , [1, 2, 3, 4, 5, 6, 7, 8, 9, 10, 17, 19, 36, 53, 89, 98, 196]
197 , 16 , [1, 2, 3, 5, 6, 8, 9, 13, 16, 24, 25, 29, 49, 78, 94, 103, 197]
198 , 16 , [1, 2, 3, 4, 5, 6, 8, 9, 11, 14, 19, 21, 29, 48, 51, 99, 198]
199 , 18 , [1, 2, 3, 4, 5, 6, 10, 11, 12, 17, 28, 34, 40, 52, 62, 69, 102, 171, 199]
200 , 16 , [1, 2, 3, 4, 5, 6, 7, 10, 12, 15, 18, 20, 22, 40, 60, 100, 200]

NOTATION 1 : Notons S la somme des m(k) pour k de 1 à 200.

THEOREME 1 : S <= 2116
Preuve : via les exemples exhibés à la conjecture 1.


42 , 7 , [1, 2, 4, 6, 10, 20, 40, 42]
42

21+21 = 42
9+12 = 21
12 = 6+6
9 = 6+3
6 = 3+3
3 = 2+1
2 = 1+1

