1,1,0
2,10,1
3,11,1
4,100,2
5,101,2
6,110,3
7,111,1
8,1000,3
9,1001,3
10,1010,5
11,1011,2
12,1100,5
13,1101,3
14,1110,4
15,1111,1
16,10000,4
17,10001,4
18,10010,7
19,10011,3
20,10100,8
21,10101,5
22,10110,7
23,10111,2
24,11000,7
25,11001,5
26,11010,8
27,11011,3
28,11100,7
29,11101,4
30,11110,5
31,11111,1
32,100000,5
33,100001,5
34,100010,9
35,100011,4
36,100100,11
37,100101,7
38,100110,10
39,100111,3
40,101000,11
41,101001,8
42,101010,13
43,101011,5
44,101100,12
45,101101,7
46,101110,9
47,101111,2
48,110000,9
49,110001,7
50,110010,12
51,110011,5
52,110100,13
53,110101,8
54,110110,11
55,110111,3
56,111000,10
57,111001,7
58,111010,11
59,111011,4
60,111100,9
61,111101,5
62,111110,6
63,111111,1
64,1000000,6
65,1000001,6
66,1000010,11
67,1000011,5
68,1000100,14
69,1000101,9
70,1000110,13
71,1000111,4
72,1001000,15
73,1001001,11
74,1001010,18
75,1001011,7
76,1001100,17
77,1001101,10
78,1001110,13
79,1001111,3
80,1010000,14
81,1010001,11
82,1010010,19
83,1010011,8
84,1010100,21
85,1010101,13
86,1010110,18
87,1010111,5
88,1011000,17
89,1011001,12
90,1011010,19
91,1011011,7
92,1011100,16
93,1011101,9
94,1011110,11
95,1011111,2
96,1100000,11
97,1100001,9
98,1100010,16
99,1100011,7
100,1100100,19
101,1100101,12
102,1100110,17
103,1100111,5
104,1101000,18
105,1101001,13
106,1101010,21
107,1101011,8
108,1101100,19
109,1101101,11
110,1101110,14
111,1101111,3
112,1110000,13
113,1110001,10
114,1110010,17
115,1110011,7
116,1110100,18
117,1110101,11
118,1110110,15
119,1110111,4
120,1111000,13
121,1111001,9
122,1111010,14
123,1111011,5
124,1111100,11
125,1111101,6
126,1111110,7
127,1111111,1
128,10000000,7
129,10000001,7
130,10000010,13
131,10000011,6
132,10000100,17
133,10000101,11
134,10000110,16
135,10000111,5
136,10001000,19
137,10001001,14
138,10001010,23
139,10001011,9
140,10001100,22
141,10001101,13
142,10001110,17
143,10001111,4
144,10010000,19
145,10010001,15
146,10010010,26
147,10010011,11
148,10010100,29
149,10010101,18
150,10010110,25
151,10010111,7
152,10011000,24
153,10011001,17
154,10011010,27
155,10011011,10
156,10011100,23
157,10011101,13
158,10011110,16
159,10011111,3
160,10100000,17
161,10100001,14
162,10100010,25
163,10100011,11
164,10100100,30
165,10100101,19
166,10100110,27
167,10100111,8
168,10101000,29
169,10101001,21
170,10101010,34
171,10101011,13
172,10101100,31
173,10101101,18
174,10101110,23
175,10101111,5
176,10110000,22
177,10110001,17
178,10110010,29
179,10110011,12
180,10110100,31
181,10110101,19
182,10110110,26
183,10110111,7
184,10111000,23
185,10111001,16
186,10111010,25
187,10111011,9
188,10111100,20
189,10111101,11
190,10111110,13
191,10111111,2
192,11000000,13
193,11000001,11
194,11000010,20
195,11000011,9
196,11000100,25
197,11000101,16
198,11000110,23
199,11000111,7
200,11001000,26
201,11001001,19
202,11001010,31
203,11001011,12
204,11001100,29
205,11001101,17
206,11001110,22
207,11001111,5
208,11010000,23
209,11010001,18
210,11010010,31
211,11010011,13
212,11010100,34
213,11010101,21
214,11010110,29
215,11010111,8
216,11011000,27
217,11011001,19
218,11011010,30
219,11011011,11
220,11011100,25
221,11011101,14
222,11011110,17
223,11011111,3
224,11100000,16
225,11100001,13
226,11100010,23
227,11100011,10
228,11100100,27
229,11100101,17
230,11100110,24
231,11100111,7
232,11101000,25
233,11101001,18
234,11101010,29
235,11101011,11
236,11101100,26
237,11101101,15
238,11101110,19
239,11101111,4
240,11110000,17
241,11110001,13
242,11110010,22
243,11110011,9
244,11110100,23
245,11110101,14
246,11110110,19
247,11110111,5
248,11111000,16
249,11111001,11
250,11111010,17
251,11111011,6
252,11111100,13
253,11111101,7
254,11111110,8
255,11111111,1
256,100000000,8
257,100000001,8
258,100000010,15
259,100000011,7
260,100000100,20
261,100000101,13
262,100000110,19
263,100000111,6
264,100001000,23
265,100001001,17
266,100001010,28
267,100001011,11
268,100001100,27
269,100001101,16
270,100001110,21
271,100001111,5
272,100010000,24
273,100010001,19
274,100010010,33
275,100010011,14
276,100010100,37
277,100010101,23
278,100010110,32
279,100010111,9
280,100011000,31
281,100011001,22
282,100011010,35
283,100011011,13
284,100011100,30
285,100011101,17
286,100011110,21
287,100011111,4
288,100100000,23
289,100100001,19
290,100100010,34
291,100100011,15
292,100100100,41
293,100100101,26
294,100100110,37
295,100100111,11
296,100101000,40
297,100101001,29
298,100101010,47
299,100101011,18
300,100101100,43
301,100101101,25
302,100101110,32
303,100101111,7
304,100110000,31
305,100110001,24
306,100110010,41
307,100110011,17
308,100110100,44
309,100110101,27
310,100110110,37
311,100110111,10
312,100111000,33
313,100111001,23
314,100111010,36
315,100111011,13
316,100111100,29
317,100111101,16
318,100111110,19
319,100111111,3
320,101000000,20
321,101000001,17
322,101000010,31
323,101000011,14
324,101000100,39
325,101000101,25
326,101000110,36
327,101000111,11
328,101001000,41
329,101001001,30
330,101001010,49
331,101001011,19
332,101001100,46
333,101001101,27
334,101001110,35
335,101001111,8
336,101010000,37
337,101010001,29
338,101010010,50
339,101010011,21
340,101010100,55
341,101010101,34
342,101010110,47
343,101010111,13
344,101011000,44
345,101011001,31
346,101011010,49
347,101011011,18
348,101011100,41
349,101011101,23
350,101011110,28
351,101011111,5
352,101100000,27
353,101100001,22
354,101100010,39
355,101100011,17
356,101100100,46
357,101100101,29
358,101100110,41
359,101100111,12
360,101101000,43
361,101101001,31
362,101101010,50
363,101101011,19
364,101101100,45
365,101101101,26
366,101101110,33
367,101101111,7
368,101110000,30
369,101110001,23
370,101110010,39
371,101110011,16
372,101110100,41
373,101110101,25
374,101110110,34
375,101110111,9
376,101111000,29
377,101111001,20
378,101111010,31
379,101111011,11
380,101111100,24
381,101111101,13
382,101111110,15
383,101111111,2
384,110000000,15
385,110000001,13
386,110000010,24
387,110000011,11
388,110000100,31
389,110000101,20
390,110000110,29
391,110000111,9
392,110001000,34
393,110001001,25
394,110001010,41
395,110001011,16
396,110001100,39
397,110001101,23
398,110001110,30
399,110001111,7
400,110010000,33
401,110010001,26
402,110010010,45
403,110010011,19
404,110010100,50
405,110010101,31
406,110010110,43
407,110010111,12
408,110011000,41
409,110011001,29
410,110011010,46
411,110011011,17
412,110011100,39
413,110011101,22
414,110011110,27
415,110011111,5
416,110100000,28
417,110100001,23
418,110100010,41
419,110100011,18
420,110100100,49
421,110100101,31
422,110100110,44
423,110100111,13
424,110101000,47
425,110101001,34
426,110101010,55
427,110101011,21
428,110101100,50
429,110101101,29
430,110101110,37
431,110101111,8
432,110110000,35
433,110110001,27
434,110110010,46
435,110110011,19
436,110110100,49
437,110110101,30
438,110110110,41
439,110110111,11
440,110111000,36
441,110111001,25
442,110111010,39
443,110111011,14
444,110111100,31
445,110111101,17
446,110111110,20
447,110111111,3
448,111000000,19
449,111000001,16
450,111000010,29
451,111000011,13
452,111000100,36
453,111000101,23
454,111000110,33
455,111000111,10
456,111001000,37
457,111001001,27
458,111001010,44
459,111001011,17
460,111001100,41
461,111001101,24
462,111001110,31
463,111001111,7
464,111010000,32
465,111010001,25
466,111010010,43
467,111010011,18
468,111010100,47
469,111010101,29
470,111010110,40
471,111010111,11
472,111011000,37
473,111011001,26
474,111011010,41
475,111011011,15
476,111011100,34
477,111011101,19
478,111011110,23
479,111011111,4
480,111100000,21
481,111100001,17
482,111100010,30
483,111100011,13
484,111100100,35
485,111100101,22
486,111100110,31
487,111100111,9
488,111101000,32
489,111101001,23
490,111101010,37
491,111101011,14
492,111101100,33
493,111101101,19
494,111101110,24
495,111101111,5
496,111110000,21
497,111110001,16
498,111110010,27
499,111110011,11
500,111110100,28
501,111110101,17
502,111110110,23
503,111110111,6
504,111111000,19
505,111111001,13
506,111111010,20
507,111111011,7
508,111111100,15
509,111111101,8
510,111111110,9
511,111111111,1
512,1000000000,9
513,1000000001,9
514,1000000010,17
515,1000000011,8
516,1000000100,23
517,1000000101,15
518,1000000110,22
519,1000000111,7
520,1000001000,27
521,1000001001,20
522,1000001010,33
523,1000001011,13
524,1000001100,32
525,1000001101,19
526,1000001110,25
527,1000001111,6
528,1000010000,29
529,1000010001,23
530,1000010010,40
531,1000010011,17
532,1000010100,45
533,1000010101,28
534,1000010110,39
535,1000010111,11
536,1000011000,38
537,1000011001,27
538,1000011010,43
539,1000011011,16
540,1000011100,37
541,1000011101,21
542,1000011110,26
543,1000011111,5
544,1000100000,29
545,1000100001,24
546,1000100010,43
547,1000100011,19
548,1000100100,52
549,1000100101,33
550,1000100110,47
551,1000100111,14
552,1000101000,51
553,1000101001,37
554,1000101010,60
555,1000101011,23
556,1000101100,55
557,1000101101,32
558,1000101110,41
559,1000101111,9
560,1000110000,40
561,1000110001,31
562,1000110010,53
563,1000110011,22
564,1000110100,57
565,1000110101,35
566,1000110110,48
567,1000110111,13
568,1000111000,43
569,1000111001,30
570,1000111010,47
571,1000111011,17
572,1000111100,38
573,1000111101,21
574,1000111110,25
575,1000111111,4
576,1001000000,27
577,1001000001,23
578,1001000010,42
579,1001000011,19
580,1001000100,53
581,1001000101,34
582,1001000110,49
583,1001000111,15
584,1001001000,56
585,1001001001,41
586,1001001010,67
587,1001001011,26
588,1001001100,63
589,1001001101,37
590,1001001110,48
591,1001001111,11
592,1001010000,51
593,1001010001,40
594,1001010010,69
595,1001010011,29
596,1001010100,76
597,1001010101,47
598,1001010110,65
599,1001010111,18
600,1001011000,61
601,1001011001,43
602,1001011010,68
603,1001011011,25
604,1001011100,57
605,1001011101,32
606,1001011110,39
607,1001011111,7
608,1001100000,38
609,1001100001,31
610,1001100010,55
611,1001100011,24
612,1001100100,65
613,1001100101,41
614,1001100110,58
615,1001100111,17
616,1001101000,61
617,1001101001,44
618,1001101010,71
619,1001101011,27
620,1001101100,64
621,1001101101,37
622,1001101110,47
623,1001101111,10
624,1001110000,43
625,1001110001,33
626,1001110010,56
627,1001110011,23
628,1001110100,59
629,1001110101,36
630,1001110110,49
631,1001110111,13
632,1001111000,42
633,1001111001,29
634,1001111010,45
635,1001111011,16
636,1001111100,35
637,1001111101,19
638,1001111110,22
639,1001111111,3
640,1010000000,23
641,1010000001,20
642,1010000010,37
643,1010000011,17
644,1010000100,48
645,1010000101,31
646,1010000110,45
647,1010000111,14
648,1010001000,53
649,1010001001,39
650,1010001010,64
651,1010001011,25
652,1010001100,61
653,1010001101,36
654,1010001110,47
655,1010001111,11
656,1010010000,52
657,1010010001,41
658,1010010010,71
659,1010010011,30
660,1010010100,79
661,1010010101,49
662,1010010110,68
663,1010010111,19
664,1010011000,65
665,1010011001,46
666,1010011010,73
667,1010011011,27
668,1010011100,62
669,1010011101,35
670,1010011110,43
671,1010011111,8
672,1010100000,45
673,1010100001,37
674,1010100010,66
675,1010100011,29
676,1010100100,79
677,1010100101,50
678,1010100110,71
679,1010100111,21
680,1010101000,76
681,1010101001,55
682,1010101010,89
683,1010101011,34
684,1010101100,81
685,1010101101,47
686,1010101110,60
687,1010101111,13
688,1010110000,57
689,1010110001,44
690,1010110010,75
691,1010110011,31
692,1010110100,80
693,1010110101,49
694,1010110110,67
695,1010110111,18
696,1010111000,59
697,1010111001,41
698,1010111010,64
699,1010111011,23
700,1010111100,51
701,1010111101,28
702,1010111110,33
703,1010111111,5
704,1011000000,32
705,1011000001,27
706,1011000010,49
707,1011000011,22
708,1011000100,61
709,1011000101,39
710,1011000110,56
711,1011000111,17
712,1011001000,63
713,1011001001,46
714,1011001010,75
715,1011001011,29
716,1011001100,70
717,1011001101,41
718,1011001110,53
719,1011001111,12
720,1011010000,55
721,1011010001,43
722,1011010010,74
723,1011010011,31
724,1011010100,81
725,1011010101,50
726,1011010110,69
727,1011010111,19
728,1011011000,64
729,1011011001,45
730,1011011010,71
731,1011011011,26
732,1011011100,59
733,1011011101,33
734,1011011110,40
735,1011011111,7
736,1011100000,37
737,1011100001,30
738,1011100010,53
739,1011100011,23
740,1011100100,62
741,1011100101,39
742,1011100110,55
743,1011100111,16
744,1011101000,57
745,1011101001,41
746,1011101010,66
747,1011101011,25
748,1011101100,59
749,1011101101,34
750,1011101110,43
751,1011101111,9
752,1011110000,38
753,1011110001,29
754,1011110010,49
755,1011110011,20
756,1011110100,51
757,1011110101,31
758,1011110110,42
759,1011110111,11
760,1011111000,35
761,1011111001,24
762,1011111010,37
763,1011111011,13
764,1011111100,28
765,1011111101,15
766,1011111110,17
767,1011111111,2
768,1100000000,17
769,1100000001,15
770,1100000010,28
771,1100000011,13
772,1100000100,37
773,1100000101,24
774,1100000110,35
775,1100000111,11
776,1100001000,42
777,1100001001,31
778,1100001010,51
779,1100001011,20
780,1100001100,49
781,1100001101,29
782,1100001110,38
783,1100001111,9
784,1100010000,43
785,1100010001,34
786,1100010010,59
787,1100010011,25
788,1100010100,66
789,1100010101,41
790,1100010110,57
791,1100010111,16
792,1100011000,55
793,1100011001,39
794,1100011010,62
795,1100011011,23
796,1100011100,53
797,1100011101,30
798,1100011110,37
799,1100011111,7
800,1100100000,40
801,1100100001,33
802,1100100010,59
803,1100100011,26
804,1100100100,71
805,1100100101,45
806,1100100110,64
807,1100100111,19
808,1100101000,69
809,1100101001,50
810,1100101010,81
811,1100101011,31
812,1100101100,74
813,1100101101,43
814,1100101110,55
815,1100101111,12
816,1100110000,53
817,1100110001,41
818,1100110010,70
819,1100110011,29
820,1100110100,75
821,1100110101,46
822,1100110110,63
823,1100110111,17
824,1100111000,56
825,1100111001,39
826,1100111010,61
827,1100111011,22
828,1100111100,49
829,1100111101,27
830,1100111110,32
831,1100111111,5
832,1101000000,33
833,1101000001,28
834,1101000010,51
835,1101000011,23
836,1101000100,64
837,1101000101,41
838,1101000110,59
839,1101000111,18
840,1101001000,67
841,1101001001,49
842,1101001010,80
843,1101001011,31
844,1101001100,75
845,1101001101,44
846,1101001110,57
847,1101001111,13
848,1101010000,60
849,1101010001,47
850,1101010010,81
851,1101010011,34
852,1101010100,89
853,1101010101,55
854,1101010110,76
855,1101010111,21
856,1101011000,71
857,1101011001,50
858,1101011010,79
859,1101011011,29
860,1101011100,66
861,1101011101,37
862,1101011110,45
863,1101011111,8
864,1101100000,43
865,1101100001,35
866,1101100010,62
867,1101100011,27
868,1101100100,73
869,1101100101,46
870,1101100110,65
871,1101100111,19
872,1101101000,68
873,1101101001,49
874,1101101010,79
875,1101101011,30
876,1101101100,71
877,1101101101,41
878,1101101110,52
879,1101101111,11
880,1101110000,47
881,1101110001,36
882,1101110010,61
883,1101110011,25
884,1101110100,64
885,1101110101,39
886,1101110110,53
887,1101110111,14
888,1101111000,45
889,1101111001,31
890,1101111010,48
891,1101111011,17
892,1101111100,37
893,1101111101,20
894,1101111110,23
895,1101111111,3
896,1110000000,22
897,1110000001,19
898,1110000010,35
899,1110000011,16
900,1110000100,45
901,1110000101,29
902,1110000110,42
903,1110000111,13
904,1110001000,49
905,1110001001,36
906,1110001010,59
907,1110001011,23
908,1110001100,56
909,1110001101,33
910,1110001110,43
911,1110001111,10
912,1110010000,47
913,1110010001,37
914,1110010010,64
915,1110010011,27
916,1110010100,71
917,1110010101,44
918,1110010110,61
919,1110010111,17
920,1110011000,58
921,1110011001,41
922,1110011010,65
923,1110011011,24
924,1110011100,55
925,1110011101,31
926,1110011110,38
927,1110011111,7
928,1110100000,39
929,1110100001,32
930,1110100010,57
931,1110100011,25
932,1110100100,68
933,1110100101,43
934,1110100110,61
935,1110100111,18
936,1110101000,65
937,1110101001,47
938,1110101010,76
939,1110101011,29
940,1110101100,69
941,1110101101,40
942,1110101110,51
943,1110101111,11
944,1110110000,48
945,1110110001,37
946,1110110010,63
947,1110110011,26
948,1110110100,67
949,1110110101,41
950,1110110110,56
951,1110110111,15
952,1110111000,49
953,1110111001,34
954,1110111010,53
955,1110111011,19
956,1110111100,42
957,1110111101,23
958,1110111110,27
959,1110111111,4
960,1111000000,25
961,1111000001,21
962,1111000010,38
963,1111000011,17
964,1111000100,47
965,1111000101,30
966,1111000110,43
967,1111000111,13
968,1111001000,48
969,1111001001,35
970,1111001010,57
971,1111001011,22
972,1111001100,53
973,1111001101,31
974,1111001110,40
975,1111001111,9
976,1111010000,41
977,1111010001,32
978,1111010010,55
979,1111010011,23
980,1111010100,60
981,1111010101,37
982,1111010110,51
983,1111010111,14
984,1111011000,47
985,1111011001,33
986,1111011010,52
987,1111011011,19
988,1111011100,43
989,1111011101,24
990,1111011110,29
991,1111011111,5
992,1111100000,26
993,1111100001,21
994,1111100010,37
995,1111100011,16
996,1111100100,43
997,1111100101,27
998,1111100110,38
999,1111100111,11
1000,1111101000,39
1001,1111101001,28
1002,1111101010,45
1003,1111101011,17
1004,1111101100,40
1005,1111101101,23
1006,1111101110,29
1007,1111101111,6
1008,1111110000,25
1009,1111110001,19
1010,1111110010,32
1011,1111110011,13
1012,1111110100,33
1013,1111110101,20
1014,1111110110,27
1015,1111110111,7
1016,1111111000,22
1017,1111111001,15
1018,1111111010,23
1019,1111111011,8
1020,1111111100,17
1021,1111111101,9
1022,1111111110,10
1023,1111111111,1
1024,10000000000,10
1025,10000000001,10
1026,10000000010,19
1027,10000000011,9
1028,10000000100,26
1029,10000000101,17
1030,10000000110,25
1031,10000000111,8
1032,10000001000,31
1033,10000001001,23
1034,10000001010,38
1035,10000001011,15
1036,10000001100,37
1037,10000001101,22
1038,10000001110,29
1039,10000001111,7
1040,10000010000,34
1041,10000010001,27
1042,10000010010,47
1043,10000010011,20
1044,10000010100,53
1045,10000010101,33
1046,10000010110,46
1047,10000010111,13
1048,10000011000,45
1049,10000011001,32
1050,10000011010,51
1051,10000011011,19
1052,10000011100,44
1053,10000011101,25
1054,10000011110,31
1055,10000011111,6
1056,10000100000,35
1057,10000100001,29
1058,10000100010,52
1059,10000100011,23
1060,10000100100,63
1061,10000100101,40
1062,10000100110,57
1063,10000100111,17
1064,10000101000,62
1065,10000101001,45
1066,10000101010,73
1067,10000101011,28
1068,10000101100,67
1069,10000101101,39
1070,10000101110,50
1071,10000101111,11
1072,10000110000,49
1073,10000110001,38
1074,10000110010,65
1075,10000110011,27
1076,10000110100,70
1077,10000110101,43
1078,10000110110,59
1079,10000110111,16
1080,10000111000,53
1081,10000111001,37
1082,10000111010,58
1083,10000111011,21
1084,10000111100,47
1085,10000111101,26
1086,10000111110,31
1087,10000111111,5
1088,10001000000,34
1089,10001000001,29
1090,10001000010,53
1091,10001000011,24
1092,10001000100,67
1093,10001000101,43
1094,10001000110,62
1095,10001000111,19
1096,10001001000,71
1097,10001001001,52
1098,10001001010,85
1099,10001001011,33
1100,10001001100,80
1101,10001001101,47
1102,10001001110,61
1103,10001001111,14
1104,10001010000,65
1105,10001010001,51
1106,10001010010,88
1107,10001010011,37
1108,10001010100,97
1109,10001010101,60
1110,10001010110,83
1111,10001010111,23
1112,10001011000,78
1113,10001011001,55
1114,10001011010,87
1115,10001011011,32
1116,10001011100,73
1117,10001011101,41
1118,10001011110,50
1119,10001011111,9
1120,10001100000,49
1121,10001100001,40
1122,10001100010,71
1123,10001100011,31
1124,10001100100,84
1125,10001100101,53
1126,10001100110,75
1127,10001100111,22
1128,10001101000,79
1129,10001101001,57
1130,10001101010,92
1131,10001101011,35
1132,10001101100,83
1133,10001101101,48
1134,10001101110,61
1135,10001101111,13
1136,10001110000,56
1137,10001110001,43
1138,10001110010,73
1139,10001110011,30
1140,10001110100,77
1141,10001110101,47
1142,10001110110,64
1143,10001110111,17
1144,10001111000,55
1145,10001111001,38
1146,10001111010,59
1147,10001111011,21
1148,10001111100,46
1149,10001111101,25
1150,10001111110,29
1151,10001111111,4
1152,10010000000,31
1153,10010000001,27
1154,10010000010,50
1155,10010000011,23
1156,10010000100,65
1157,10010000101,42
1158,10010000110,61
1159,10010000111,19
1160,10010001000,72
1161,10010001001,53
1162,10010001010,87
1163,10010001011,34
1164,10010001100,83
1165,10010001101,49
1166,10010001110,64
1167,10010001111,15
1168,10010010000,71
1169,10010010001,56
1170,10010010010,97
1171,10010010011,41
1172,10010010100,108
1173,10010010101,67
1174,10010010110,93
1175,10010010111,26
1176,10010011000,89
1177,10010011001,63
1178,10010011010,100
1179,10010011011,37
1180,10010011100,85
1181,10010011101,48
1182,10010011110,59
1183,10010011111,11
1184,10010100000,62
1185,10010100001,51
1186,10010100010,91
1187,10010100011,40
1188,10010100100,109
1189,10010100101,69
1190,10010100110,98
1191,10010100111,29
1192,10010101000,105
1193,10010101001,76
1194,10010101010,123
1195,10010101011,47
1196,10010101100,112
1197,10010101101,65
1198,10010101110,83
1199,10010101111,18
1200,10010110000,79
1201,10010110001,61
1202,10010110010,104
1203,10010110011,43
1204,10010110100,111
1205,10010110101,68
1206,10010110110,93
1207,10010110111,25
1208,10010111000,82
1209,10010111001,57
1210,10010111010,89
1211,10010111011,32
1212,10010111100,71
1213,10010111101,39
1214,10010111110,46
1215,10010111111,7
1216,10011000000,45
1217,10011000001,38
1218,10011000010,69
1219,10011000011,31
1220,10011000100,86
1221,10011000101,55
1222,10011000110,79
1223,10011000111,24
1224,10011001000,89
1225,10011001001,65
1226,10011001010,106
1227,10011001011,41
1228,10011001100,99
1229,10011001101,58
1230,10011001110,75
1231,10011001111,17
1232,10011010000,78
1233,10011010001,61
1234,10011010010,105
1235,10011010011,44
1236,10011010100,115
1237,10011010101,71
1238,10011010110,98
1239,10011010111,27
1240,10011011000,91
1241,10011011001,64
1242,10011011010,101
1243,10011011011,37
1244,10011011100,84
1245,10011011101,47
1246,10011011110,57
1247,10011011111,10
1248,10011100000,53
1249,10011100001,43
1250,10011100010,76
1251,10011100011,33
1252,10011100100,89
1253,10011100101,56
1254,10011100110,79
1255,10011100111,23
1256,10011101000,82
1257,10011101001,59
1258,10011101010,95
1259,10011101011,36
1260,10011101100,85
1261,10011101101,49
1262,10011101110,62
1263,10011101111,13
1264,10011110000,55
1265,10011110001,42
1266,10011110010,71
1267,10011110011,29
1268,10011110100,74
1269,10011110101,45
1270,10011110110,61
1271,10011110111,16
1272,10011111000,51
1273,10011111001,35
1274,10011111010,54
1275,10011111011,19
1276,10011111100,41
1277,10011111101,22
1278,10011111110,25
1279,10011111111,3
1280,10100000000,26
1281,10100000001,23
1282,10100000010,43
1283,10100000011,20
1284,10100000100,57
1285,10100000101,37
1286,10100000110,54
1287,10100000111,17
1288,10100001000,65
1289,10100001001,48
1290,10100001010,79
1291,10100001011,31
1292,10100001100,76
1293,10100001101,45
1294,10100001110,59
1295,10100001111,14
1296,10100010000,67
1297,10100010001,53
1298,10100010010,92
1299,10100010011,39
1300,10100010100,103
1301,10100010101,64
1302,10100010110,89
1303,10100010111,25
1304,10100011000,86
1305,10100011001,61
1306,10100011010,97
1307,10100011011,36
1308,10100011100,83
1309,10100011101,47
1310,10100011110,58
1311,10100011111,11
1312,10100100000,63
1313,10100100001,52
1314,10100100010,93
1315,10100100011,41
1316,10100100100,112
1317,10100100101,71
1318,10100100110,101
1319,10100100111,30
1320,10100101000,109
1321,10100101001,79
1322,10100101010,128
1323,10100101011,49
1324,10100101100,117
1325,10100101101,68
1326,10100101110,87
1327,10100101111,19
1328,10100110000,84
1329,10100110001,65
1330,10100110010,111
1331,10100110011,46
1332,10100110100,119
1333,10100110101,73
1334,10100110110,100
1335,10100110111,27
1336,10100111000,89
1337,10100111001,62
1338,10100111010,97
1339,10100111011,35
1340,10100111100,78
1341,10100111101,43
1342,10100111110,51
1343,10100111111,8
1344,10101000000,53
1345,10101000001,45
1346,10101000010,82
1347,10101000011,37
1348,10101000100,103
1349,10101000101,66
1350,10101000110,95
1351,10101000111,29
1352,10101001000,108
1353,10101001001,79
1354,10101001010,129
1355,10101001011,50
1356,10101001100,121
1357,10101001101,71
1358,10101001110,92
1359,10101001111,21
1360,10101010000,97
1361,10101010001,76
1362,10101010010,131
1363,10101010011,55
1364,10101010100,144
1365,10101010101,89
1366,10101010110,123
1367,10101010111,34
1368,10101011000,115
1369,10101011001,81
1370,10101011010,128
1371,10101011011,47
1372,10101011100,107
1373,10101011101,60
1374,10101011110,73
1375,10101011111,13
1376,10101100000,70
1377,10101100001,57
1378,10101100010,101
1379,10101100011,44
1380,10101100100,119
1381,10101100101,75
1382,10101100110,106
1383,10101100111,31
1384,10101101000,111
1385,10101101001,80
1386,10101101010,129
1387,10101101011,49
1388,10101101100,116
1389,10101101101,67
1390,10101101110,85
1391,10101101111,18
1392,10101110000,77
1393,10101110001,59
1394,10101110010,100
1395,10101110011,41
1396,10101110100,105
1397,10101110101,64
1398,10101110110,87
1399,10101110111,23
1400,10101111000,74
1401,10101111001,51
1402,10101111010,79
1403,10101111011,28
1404,10101111100,61
1405,10101111101,33
1406,10101111110,38
1407,10101111111,5
1408,10110000000,37
1409,10110000001,32
1410,10110000010,59
1411,10110000011,27
1412,10110000100,76
1413,10110000101,49
1414,10110000110,71
1415,10110000111,22
1416,10110001000,83
1417,10110001001,61
1418,10110001010,100
1419,10110001011,39
1420,10110001100,95
1421,10110001101,56
1422,10110001110,73
1423,10110001111,17
1424,10110010000,80
1425,10110010001,63
1426,10110010010,109
1427,10110010011,46
1428,10110010100,121
1429,10110010101,75
1430,10110010110,104
1431,10110010111,29
1432,10110011000,99
1433,10110011001,70
1434,10110011010,111
1435,10110011011,41
1436,10110011100,94
1437,10110011101,53
1438,10110011110,65
1439,10110011111,12
1440,10110100000,67
1441,10110100001,55
1442,10110100010,98
1443,10110100011,43
1444,10110100100,117
1445,10110100101,74
1446,10110100110,105
1447,10110100111,31
1448,10110101000,112
1449,10110101001,81
1450,10110101010,131
1451,10110101011,50
1452,10110101100,119
1453,10110101101,69
1454,10110101110,88
1455,10110101111,19
1456,10110110000,83
1457,10110110001,64
1458,10110110010,109
1459,10110110011,45
1460,10110110100,116
1461,10110110101,71
1462,10110110110,97
1463,10110110111,26
1464,10110111000,85
1465,10110111001,59
1466,10110111010,92
1467,10110111011,33
1468,10110111100,73
1469,10110111101,40
1470,10110111110,47
1471,10110111111,7
1472,10111000000,44
1473,10111000001,37
1474,10111000010,67
1475,10111000011,30
1476,10111000100,83
1477,10111000101,53
1478,10111000110,76
1479,10111000111,23
1480,10111001000,85
1481,10111001001,62
1482,10111001010,101
1483,10111001011,39
1484,10111001100,94
1485,10111001101,55
1486,10111001110,71
1487,10111001111,16
1488,10111010000,73
1489,10111010001,57
1490,10111010010,98
1491,10111010011,41
1492,10111010100,107
1493,10111010101,66
1494,10111010110,91
1495,10111010111,25
1496,10111011000,84
1497,10111011001,59
1498,10111011010,93
1499,10111011011,34
1500,10111011100,77
1501,10111011101,43
1502,10111011110,52
1503,10111011111,9
1504,10111100000,47
1505,10111100001,38
1506,10111100010,67
1507,10111100011,29
1508,10111100100,78
1509,10111100101,49
1510,10111100110,69
1511,10111100111,20
1512,10111101000,71
1513,10111101001,51
1514,10111101010,82
1515,10111101011,31
1516,10111101100,73
1517,10111101101,42
1518,10111101110,53
1519,10111101111,11
1520,10111110000,46
1521,10111110001,35
1522,10111110010,59
1523,10111110011,24
1524,10111110100,61
1525,10111110101,37
1526,10111110110,50
1527,10111110111,13
1528,10111111000,41
1529,10111111001,28
1530,10111111010,43
1531,10111111011,15
1532,10111111100,32
1533,10111111101,17
1534,10111111110,19
1535,10111111111,2
1536,11000000000,19
1537,11000000001,17
1538,11000000010,32
1539,11000000011,15
1540,11000000100,43
1541,11000000101,28
1542,11000000110,41
1543,11000000111,13
1544,11000001000,50
1545,11000001001,37
1546,11000001010,61
1547,11000001011,24
1548,11000001100,59
1549,11000001101,35
1550,11000001110,46
1551,11000001111,11
1552,11000010000,53
1553,11000010001,42
1554,11000010010,73
1555,11000010011,31
1556,11000010100,82
1557,11000010101,51
1558,11000010110,71
1559,11000010111,20
1560,11000011000,69
1561,11000011001,49
1562,11000011010,78
1563,11000011011,29
1564,11000011100,67
1565,11000011101,38
1566,11000011110,47
1567,11000011111,9
1568,11000100000,52
1569,11000100001,43
1570,11000100010,77
1571,11000100011,34
1572,11000100100,93
1573,11000100101,59
1574,11000100110,84
1575,11000100111,25
1576,11000101000,91
1577,11000101001,66
1578,11000101010,107
1579,11000101011,41
1580,11000101100,98
1581,11000101101,57
1582,11000101110,73
1583,11000101111,16
1584,11000110000,71
1585,11000110001,55
1586,11000110010,94
1587,11000110011,39
1588,11000110100,101
1589,11000110101,62
1590,11000110110,85
1591,11000110111,23
1592,11000111000,76
1593,11000111001,53
1594,11000111010,83
1595,11000111011,30
1596,11000111100,67
1597,11000111101,37
1598,11000111110,44
1599,11000111111,7
1600,11001000000,47
1601,11001000001,40
1602,11001000010,73
1603,11001000011,33
1604,11001000100,92
1605,11001000101,59
1606,11001000110,85
1607,11001000111,26
1608,11001001000,97
1609,11001001001,71
1610,11001001010,116
1611,11001001011,45
1612,11001001100,109
1613,11001001101,64
1614,11001001110,83
1615,11001001111,19
1616,11001010000,88
1617,11001010001,69
1618,11001010010,119
1619,11001010011,50
1620,11001010100,131
1621,11001010101,81
1622,11001010110,112
1623,11001010111,31
1624,11001011000,105
1625,11001011001,74
1626,11001011010,117
1627,11001011011,43
1628,11001011100,98
1629,11001011101,55
1630,11001011110,67
1631,11001011111,12
1632,11001100000,65
1633,11001100001,53
1634,11001100010,94
1635,11001100011,41
1636,11001100100,111
1637,11001100101,70
1638,11001100110,99
1639,11001100111,29
1640,11001101000,104
1641,11001101001,75
1642,11001101010,121
1643,11001101011,46
1644,11001101100,109
1645,11001101101,63
1646,11001101110,80
1647,11001101111,17
1648,11001110000,73
1649,11001110001,56
1650,11001110010,95
1651,11001110011,39
1652,11001110100,100
1653,11001110101,61
1654,11001110110,83
1655,11001110111,22
1656,11001111000,71
1657,11001111001,49
1658,11001111010,76
1659,11001111011,27
1660,11001111100,59
1661,11001111101,32
1662,11001111110,37
1663,11001111111,5
1664,11010000000,38
1665,11010000001,33
1666,11010000010,61
1667,11010000011,28
1668,11010000100,79
1669,11010000101,51
1670,11010000110,74
1671,11010000111,23
1672,11010001000,87
1673,11010001001,64
1674,11010001010,105
1675,11010001011,41
1676,11010001100,100
1677,11010001101,59
1678,11010001110,77
1679,11010001111,18
1680,11010010000,85
1681,11010010001,67
1682,11010010010,116
1683,11010010011,49
1684,11010010100,129
1685,11010010101,80
1686,11010010110,111
1687,11010010111,31
1688,11010011000,106
1689,11010011001,75
1690,11010011010,119
1691,11010011011,44
1692,11010011100,101
1693,11010011101,57
1694,11010011110,70
1695,11010011111,13
1696,11010100000,73
1697,11010100001,60
1698,11010100010,107
1699,11010100011,47
1700,11010100100,128
1701,11010100101,81
1702,11010100110,115
1703,11010100111,34
1704,11010101000,123
1705,11010101001,89
1706,11010101010,144
1707,11010101011,55
1708,11010101100,131
1709,11010101101,76
1710,11010101110,97
1711,11010101111,21
1712,11010110000,92
1713,11010110001,71
1714,11010110010,121
1715,11010110011,50
1716,11010110100,129
1717,11010110101,79
1718,11010110110,108
1719,11010110111,29
1720,11010111000,95
1721,11010111001,66
1722,11010111010,103
1723,11010111011,37
1724,11010111100,82
1725,11010111101,45
1726,11010111110,53
1727,11010111111,8
1728,11011000000,51
1729,11011000001,43
1730,11011000010,78
1731,11011000011,35
1732,11011000100,97
1733,11011000101,62
1734,11011000110,89
1735,11011000111,27
1736,11011001000,100
1737,11011001001,73
1738,11011001010,119
1739,11011001011,46
1740,11011001100,111
1741,11011001101,65
1742,11011001110,84
1743,11011001111,19
1744,11011010000,87
1745,11011010001,68
1746,11011010010,117
1747,11011010011,49
1748,11011010100,128
1749,11011010101,79
1750,11011010110,109
1751,11011010111,30
1752,11011011000,101
1753,11011011001,71
1754,11011011010,112
1755,11011011011,41
1756,11011011100,93
1757,11011011101,52
1758,11011011110,63
1759,11011011111,11
1760,11011100000,58
1761,11011100001,47
1762,11011100010,83
1763,11011100011,36
1764,11011100100,97
1765,11011100101,61
1766,11011100110,86
1767,11011100111,25
1768,11011101000,89
1769,11011101001,64
1770,11011101010,103
1771,11011101011,39
1772,11011101100,92
1773,11011101101,53
1774,11011101110,67
1775,11011101111,14
1776,11011110000,59
1777,11011110001,45
1778,11011110010,76
1779,11011110011,31
1780,11011110100,79
1781,11011110101,48
1782,11011110110,65
1783,11011110111,17
1784,11011111000,54
1785,11011111001,37
1786,11011111010,57
1787,11011111011,20
1788,11011111100,43
1789,11011111101,23
1790,11011111110,26
1791,11011111111,3
1792,11100000000,25
1793,11100000001,22
1794,11100000010,41
1795,11100000011,19
1796,11100000100,54
1797,11100000101,35
1798,11100000110,51
1799,11100000111,16
1800,11100001000,61
1801,11100001001,45
1802,11100001010,74
1803,11100001011,29
1804,11100001100,71
1805,11100001101,42
1806,11100001110,55
1807,11100001111,13
1808,11100010000,62
1809,11100010001,49
1810,11100010010,85
1811,11100010011,36
1812,11100010100,95
1813,11100010101,59
1814,11100010110,82
1815,11100010111,23
1816,11100011000,79
1817,11100011001,56
1818,11100011010,89
1819,11100011011,33
1820,11100011100,76
1821,11100011101,43
1822,11100011110,53
1823,11100011111,10
1824,11100100000,57
1825,11100100001,47
1826,11100100010,84
1827,11100100011,37
1828,11100100100,101
1829,11100100101,64
1830,11100100110,91
1831,11100100111,27
1832,11100101000,98
1833,11100101001,71
1834,11100101010,115
1835,11100101011,44
1836,11100101100,105
1837,11100101101,61
1838,11100101110,78
1839,11100101111,17
1840,11100110000,75
1841,11100110001,58
1842,11100110010,99
1843,11100110011,41
1844,11100110100,106
1845,11100110101,65
1846,11100110110,89
1847,11100110111,24
1848,11100111000,79
1849,11100111001,55
1850,11100111010,86
1851,11100111011,31
1852,11100111100,69
1853,11100111101,38
1854,11100111110,45
1855,11100111111,7
1856,11101000000,46
1857,11101000001,39
1858,11101000010,71
1859,11101000011,32
1860,11101000100,89
1861,11101000101,57
1862,11101000110,82
1863,11101000111,25
1864,11101001000,93
1865,11101001001,68
1866,11101001010,111
1867,11101001011,43
1868,11101001100,104
1869,11101001101,61
1870,11101001110,79
1871,11101001111,18
1872,11101010000,83
1873,11101010001,65
1874,11101010010,112
1875,11101010011,47
1876,11101010100,123
1877,11101010101,76
1878,11101010110,105
1879,11101010111,29
1880,11101011000,98
1881,11101011001,69
1882,11101011010,109
1883,11101011011,40
1884,11101011100,91
1885,11101011101,51
1886,11101011110,62
1887,11101011111,11
1888,11101100000,59
1889,11101100001,48
1890,11101100010,85
1891,11101100011,37
1892,11101100100,100
1893,11101100101,63
1894,11101100110,89
1895,11101100111,26
1896,11101101000,93
1897,11101101001,67
1898,11101101010,108
1899,11101101011,41
1900,11101101100,97
1901,11101101101,56
1902,11101101110,71
1903,11101101111,15
1904,11101110000,64
1905,11101110001,49
1906,11101110010,83
1907,11101110011,34
1908,11101110100,87
1909,11101110101,53
1910,11101110110,72
1911,11101110111,19
1912,11101111000,61
1913,11101111001,42
1914,11101111010,65
1915,11101111011,23
1916,11101111100,50
1917,11101111101,27
1918,11101111110,31
1919,11101111111,4
1920,11110000000,29
1921,11110000001,25
1922,11110000010,46
1923,11110000011,21
1924,11110000100,59
1925,11110000101,38
1926,11110000110,55
1927,11110000111,17
1928,11110001000,64
1929,11110001001,47
1930,11110001010,77
1931,11110001011,30
1932,11110001100,73
1933,11110001101,43
1934,11110001110,56
1935,11110001111,13
1936,11110010000,61
1937,11110010001,48
1938,11110010010,83
1939,11110010011,35
1940,11110010100,92
1941,11110010101,57
1942,11110010110,79
1943,11110010111,22
1944,11110011000,75
1945,11110011001,53
1946,11110011010,84
1947,11110011011,31
1948,11110011100,71
1949,11110011101,40
1950,11110011110,49
1951,11110011111,9
1952,11110100000,50
1953,11110100001,41
1954,11110100010,73
1955,11110100011,32
1956,11110100100,87
1957,11110100101,55
1958,11110100110,78
1959,11110100111,23
1960,11110101000,83
1961,11110101001,60
1962,11110101010,97
1963,11110101011,37
1964,11110101100,88
1965,11110101101,51
1966,11110101110,65
1967,11110101111,14
1968,11110110000,61
1969,11110110001,47
1970,11110110010,80
1971,11110110011,33
1972,11110110100,85
1973,11110110101,52
1974,11110110110,71
1975,11110110111,19
1976,11110111000,62
1977,11110111001,43
1978,11110111010,67
1979,11110111011,24
1980,11110111100,53
1981,11110111101,29
1982,11110111110,34
1983,11110111111,5
1984,11111000000,31
1985,11111000001,26
1986,11111000010,47
1987,11111000011,21
1988,11111000100,58
1989,11111000101,37
1990,11111000110,53
1991,11111000111,16
1992,11111001000,59
1993,11111001001,43
1994,11111001010,70
1995,11111001011,27
1996,11111001100,65
1997,11111001101,38
1998,11111001110,49
1999,11111001111,11
2000,11111010000,50
2001,11111010001,39
2002,11111010010,67
2003,11111010011,28
2004,11111010100,73
2005,11111010101,45
2006,11111010110,62
2007,11111010111,17
2008,11111011000,57
2009,11111011001,40
2010,11111011010,63
2011,11111011011,23
2012,11111011100,52
2013,11111011101,29
2014,11111011110,35
2015,11111011111,6
2016,11111100000,31
2017,11111100001,25
2018,11111100010,44
2019,11111100011,19
2020,11111100100,51
2021,11111100101,32
2022,11111100110,45
2023,11111100111,13
2024,11111101000,46
2025,11111101001,33
2026,11111101010,53
2027,11111101011,20
2028,11111101100,47
2029,11111101101,27
2030,11111101110,34
2031,11111101111,7
2032,11111110000,29
2033,11111110001,22
2034,11111110010,37
2035,11111110011,15
2036,11111110100,38
2037,11111110101,23
2038,11111110110,31
2039,11111110111,8
2040,11111111000,25
2041,11111111001,17
2042,11111111010,26
2043,11111111011,9
2044,11111111100,19
2045,11111111101,10
2046,11111111110,11
2047,11111111111,1
