> ALGORITHME 1 : Par récursion, on enlève une puissance de 2 et on décompose le reste.

> ALGORITHME 2 : On fait des puissances de 1,2,4... allant de 0 à 2, on crée une some et on ajoute à une liste.

> THEOREME 1 : Voici les décompositions de 1 à 19 (A1) :

> Decomposing 1
(1,)
Total : 1

> Decomposing 2
(1, 1)
(2,)
Total : 2

> Decomposing 3
(1, 2)
Total : 1

> Decomposing 4
(1, 1, 2)
(2, 2)
(4,)
Total : 3

> Decomposing 5
(1, 2, 2)
(1, 4)
Total : 2

> Decomposing 6
(1, 1, 2, 2)
(1, 1, 4)
(2, 4)
Total : 3

> Decomposing 7
(1, 2, 4)
Total : 1

> Decomposing 8
(1, 1, 2, 4)
(2, 2, 4)
(4, 4)
(8,)
Total : 4

> Decomposing 9
(1, 2, 2, 4)
(1, 4, 4)
(1, 8)
Total : 3

> Decomposing 10
(1, 1, 2, 2, 4)
(1, 1, 4, 4)
(1, 1, 8)
(2, 4, 4)
(2, 8)
Total : 5

> Decomposing 11
(1, 2, 4, 4)
(1, 2, 8)
Total : 2

> Decomposing 12
(1, 1, 2, 4, 4)
(1, 1, 2, 8)
(2, 2, 4, 4)
(2, 2, 8)
(4, 8)
Total : 5

> Decomposing 13
(1, 2, 2, 4, 4)
(1, 2, 2, 8)
(1, 4, 8)
Total : 3

> Decomposing 14
(1, 1, 2, 2, 4, 4)
(1, 1, 2, 2, 8)
(1, 1, 4, 8)
(2, 4, 8)
Total : 4

> Decomposing 15
(1, 2, 4, 8)
Total : 1

> Decomposing 16
(1, 1, 2, 4, 8)
(2, 2, 4, 8)
(4, 4, 8)
(8, 8)
(16,)
Total : 5

> Decomposing 17
(1, 2, 2, 4, 8)
(1, 4, 4, 8)
(1, 8, 8)
(1, 16)
Total : 4

> Decomposing 18
(1, 1, 2, 2, 4, 8)
(1, 1, 4, 4, 8)
(1, 1, 8, 8)
(1, 1, 16)
(2, 4, 4, 8)
(2, 8, 8)
(2, 16)
Total : 7

> Decomposing 19
(1, 2, 4, 4, 8)
(1, 2, 8, 8)
(1, 2, 16)
Total : 3

> THEOREME 2 : Voici les réponses de 1 à 127 ainsi que 1000 (A2) :

n , f(n)
1 , 1
2 , 2
3 , 1
4 , 3
5 , 2
6 , 3
7 , 1
8 , 4
9 , 3
10 , 5
11 , 2
12 , 5
13 , 3
14 , 4
15 , 1
16 , 5
17 , 4
18 , 7
19 , 3
20 , 8
21 , 5
22 , 7
23 , 2
24 , 7
25 , 5
26 , 8
27 , 3
28 , 7
29 , 4
30 , 5
31 , 1
32 , 6
33 , 5
34 , 9
35 , 4
36 , 11
37 , 7
38 , 10
39 , 3
40 , 11
41 , 8
42 , 13
43 , 5
44 , 12
45 , 7
46 , 9
47 , 2
48 , 9
49 , 7
50 , 12
51 , 5
52 , 13
53 , 8
54 , 11
55 , 3
56 , 10
57 , 7
58 , 11
59 , 4
60 , 9
61 , 5
62 , 6
63 , 1
64 , 7
65 , 6
66 , 11
67 , 5
68 , 14
69 , 9
70 , 13
71 , 4
72 , 15
73 , 11
74 , 18
75 , 7
76 , 17
77 , 10
78 , 13
79 , 3
80 , 14
81 , 11
82 , 19
83 , 8
84 , 21
85 , 13
86 , 18
87 , 5
88 , 17
89 , 12
90 , 19
91 , 7
92 , 16
93 , 9
94 , 11
95 , 2
96 , 11
97 , 9
98 , 16
99 , 7
100 , 19
101 , 12
102 , 17
103 , 5
104 , 18
105 , 13
106 , 21
107 , 8
108 , 19
109 , 11
110 , 14
111 , 3
112 , 13
113 , 10
114 , 17
115 , 7
116 , 18
117 , 11
118 , 15
119 , 4
120 , 13
121 , 9
122 , 14
123 , 5
124 , 11
125 , 6
126 , 7
127 , 1
1000, 39

> CONJECTURE 1 : f(2^n) = n+1 pour n>0

-- Vérifié pour n dans 1...7

> CONJECTURE 2 : f(3*2^n) = 1+2*n pour n>=0

-- Vérifié pour n dans 0...5

> CONJECTURE 3 : f(5*2^n) = 2+3*n pour n>=0

-- Vérifié pour n dans 0...4

> THEOREME 3 : 10^25 = 2^(25) * 5^(25)

> CONJECTURE 4 : Soit k naturel non nul. Alors f(k*2^n) est une suite arithmétique.

-- Vérifié pour k de 1 à 2^9-1 et pour k*2^n < 2^9. Des exemples :

k , Premier terme , Raison
1 , 1 , 1
2 , 2 , 1
3 , 1 , 2
4 , 3 , 1
5 , 2 , 3
6 , 3 , 2
7 , 1 , 3
8 , 4 , 1
9 , 3 , 4
10 , 5 , 3
11 , 2 , 5
12 , 5 , 2
13 , 3 , 5
14 , 4 , 3
15 , 1 , 4
16 , 5 , 1
17 , 4 , 5
18 , 7 , 4
19 , 3 , 7
20 , 8 , 3
21 , 5 , 8
22 , 7 , 5
23 , 2 , 7
24 , 7 , 2
25 , 5 , 7
26 , 8 , 5
27 , 3 , 8
28 , 7 , 3
29 , 4 , 7
30 , 5 , 4
31 , 1 , 5
32 , 6 , 1
33 , 5 , 6
34 , 9 , 5
35 , 4 , 9
36 , 11 , 4
37 , 7 , 11
38 , 10 , 7
39 , 3 , 10
40 , 11 , 3
41 , 8 , 11
42 , 13 , 8
43 , 5 , 13
44 , 12 , 5
45 , 7 , 12
46 , 9 , 7
47 , 2 , 9
48 , 9 , 2
49 , 7 , 9
50 , 12 , 7
51 , 5 , 12
52 , 13 , 5
53 , 8 , 13
54 , 11 , 8
55 , 3 , 11
56 , 10 , 3
57 , 7 , 10
58 , 11 , 7
59 , 4 , 11
60 , 9 , 4
61 , 5 , 9
62 , 6 , 5
63 , 1 , 6
64 , 7 , 1
65 , 6 , 7
66 , 11 , 6
67 , 5 , 11
68 , 14 , 5
69 , 9 , 14
70 , 13 , 9
71 , 4 , 13
72 , 15 , 4
73 , 11 , 15
74 , 18 , 11
75 , 7 , 18
76 , 17 , 7
77 , 10 , 17
78 , 13 , 10
79 , 3 , 13
80 , 14 , 3
81 , 11 , 14
82 , 19 , 11
83 , 8 , 19
84 , 21 , 8
85 , 13 , 21
86 , 18 , 13
87 , 5 , 18
88 , 17 , 5
89 , 12 , 17
90 , 19 , 12
91 , 7 , 19
92 , 16 , 7
93 , 9 , 16
94 , 11 , 9
95 , 2 , 11
96 , 11 , 2
97 , 9 , 11
98 , 16 , 9
99 , 7 , 16
100 , 19 , 7

-- Cette conjecture a donc l'air très robuste.

> CONJECTURE 5 : Si conjecture 4 est vraie, alors en particulier f((5^25)*2^n) est arithmétique. Il suffira alors de connaître f(5^25) et f(2*5^25) pour en déduire f(10^25). 

-- Problème : 5^25 est encore beaucoup trop grand pour calculer directement.

> THEOREME 4 : voici les décompositions du théorème 2 avec les décompositions en base 2 de n en plus :

n , Décomposition en base 2 de n , f(n)
1 , 1 , 1
2 , 10 , 2
3 , 11 , 1
4 , 100 , 3
5 , 101 , 2
6 , 110 , 3
7 , 111 , 1
8 , 1000 , 4
9 , 1001 , 3
10 , 1010 , 5
11 , 1011 , 2
12 , 1100 , 5
13 , 1101 , 3
14 , 1110 , 4
15 , 1111 , 1
16 , 10000 , 5
17 , 10001 , 4
18 , 10010 , 7
19 , 10011 , 3
20 , 10100 , 8
21 , 10101 , 5
22 , 10110 , 7
23 , 10111 , 2
24 , 11000 , 7
25 , 11001 , 5
26 , 11010 , 8
27 , 11011 , 3
28 , 11100 , 7
29 , 11101 , 4
30 , 11110 , 5
31 , 11111 , 1
32 , 100000 , 6
33 , 100001 , 5
34 , 100010 , 9
35 , 100011 , 4
36 , 100100 , 11
37 , 100101 , 7
38 , 100110 , 10
39 , 100111 , 3
40 , 101000 , 11
41 , 101001 , 8
42 , 101010 , 13
43 , 101011 , 5
44 , 101100 , 12
45 , 101101 , 7
46 , 101110 , 9
47 , 101111 , 2
48 , 110000 , 9
49 , 110001 , 7
50 , 110010 , 12
51 , 110011 , 5
52 , 110100 , 13
53 , 110101 , 8
54 , 110110 , 11
55 , 110111 , 3
56 , 111000 , 10
57 , 111001 , 7
58 , 111010 , 11
59 , 111011 , 4
60 , 111100 , 9
61 , 111101 , 5
62 , 111110 , 6
63 , 111111 , 1
64 , 1000000 , 7
65 , 1000001 , 6
66 , 1000010 , 11
67 , 1000011 , 5
68 , 1000100 , 14
69 , 1000101 , 9
70 , 1000110 , 13
71 , 1000111 , 4
72 , 1001000 , 15
73 , 1001001 , 11
74 , 1001010 , 18
75 , 1001011 , 7
76 , 1001100 , 17
77 , 1001101 , 10
78 , 1001110 , 13
79 , 1001111 , 3
80 , 1010000 , 14
81 , 1010001 , 11
82 , 1010010 , 19
83 , 1010011 , 8
84 , 1010100 , 21
85 , 1010101 , 13
86 , 1010110 , 18
87 , 1010111 , 5
88 , 1011000 , 17
89 , 1011001 , 12
90 , 1011010 , 19
91 , 1011011 , 7
92 , 1011100 , 16
93 , 1011101 , 9
94 , 1011110 , 11
95 , 1011111 , 2
96 , 1100000 , 11
97 , 1100001 , 9
98 , 1100010 , 16
99 , 1100011 , 7
100 , 1100100 , 19
101 , 1100101 , 12
102 , 1100110 , 17
103 , 1100111 , 5
104 , 1101000 , 18
105 , 1101001 , 13
106 , 1101010 , 21
107 , 1101011 , 8
108 , 1101100 , 19
109 , 1101101 , 11
110 , 1101110 , 14
111 , 1101111 , 3
112 , 1110000 , 13
113 , 1110001 , 10
114 , 1110010 , 17
115 , 1110011 , 7
116 , 1110100 , 18
117 , 1110101 , 11
118 , 1110110 , 15
119 , 1110111 , 4
120 , 1111000 , 13
121 , 1111001 , 9
122 , 1111010 , 14
123 , 1111011 , 5
124 , 1111100 , 11
125 , 1111101 , 6
126 , 1111110 , 7
127 , 1111111 , 1

> CONJECTURE 5 : f(2^n-1)=1 pour n>=1. ie si la décomposition en base 2 de n ne comporte que des 1.

> CONJECTURE 6 : Supposons que la décomposition en base 2 de n ne comporte que des 1 et un seul 0, étant placé en kième position en partant de la gauche. Exemples : 1011:k=2 et 1101:k=3. Alors f(n)=k.

> CONJECTURE 7 : Il n'y a que la place des 0 en partant de la gauche dans l'écriture en base 2 de n qui semble avoir une influence sur f(n). Ainsi 100101 et 1001011 ont la même image : 7.

> THEOREME 5 : 10**25 s'écrit '100001000101100101010001011000010100000000010100100001001010000000000000000000000000' en base 2.

> IDEE 1 : Les conjectures de 5 à 7 suggèrent très clairement qu'il y a une régularité via l'écriture en base 2. Si on la décrypte, connaissant l'écriture en base 2 de 10**25, on pourra trouver f(10**25) : cela semble l'idée la plus prometteuse trouvée jusqu'ici.

> THEOREME 6 : les décompositions avec la place des 0 à partir de la gauche :

n , Décomposition de n en base 2 , Place des 0 , f(n)
1 , 1 ,  , 1
2 , 10 , 2 , 2
3 , 11 ,  , 1
4 , 100 , 23 , 3
5 , 101 , 2 , 2
6 , 110 , 3 , 3
7 , 111 ,  , 1
8 , 1000 , 234 , 4
9 , 1001 , 23 , 3
10 , 1010 , 24 , 5
11 , 1011 , 2 , 2
12 , 1100 , 34 , 5
13 , 1101 , 3 , 3
14 , 1110 , 4 , 4
15 , 1111 ,  , 1
16 , 10000 , 2345 , 5
17 , 10001 , 234 , 4
18 , 10010 , 235 , 7
19 , 10011 , 23 , 3
20 , 10100 , 245 , 8
21 , 10101 , 24 , 5
22 , 10110 , 25 , 7
23 , 10111 , 2 , 2
24 , 11000 , 345 , 7
25 , 11001 , 34 , 5
26 , 11010 , 35 , 8
27 , 11011 , 3 , 3
28 , 11100 , 45 , 7
29 , 11101 , 4 , 4
30 , 11110 , 5 , 5
31 , 11111 ,  , 1
32 , 100000 , 23456 , 6
33 , 100001 , 2345 , 5
34 , 100010 , 2346 , 9
35 , 100011 , 234 , 4
36 , 100100 , 2356 , 11
37 , 100101 , 235 , 7
38 , 100110 , 236 , 10
39 , 100111 , 23 , 3
40 , 101000 , 2456 , 11
41 , 101001 , 245 , 8
42 , 101010 , 246 , 13
43 , 101011 , 24 , 5
44 , 101100 , 256 , 12
45 , 101101 , 25 , 7
46 , 101110 , 26 , 9
47 , 101111 , 2 , 2
48 , 110000 , 3456 , 9
49 , 110001 , 345 , 7
50 , 110010 , 346 , 12
51 , 110011 , 34 , 5
52 , 110100 , 356 , 13
53 , 110101 , 35 , 8
54 , 110110 , 36 , 11
55 , 110111 , 3 , 3
56 , 111000 , 456 , 10
57 , 111001 , 45 , 7
58 , 111010 , 46 , 11
59 , 111011 , 4 , 4
60 , 111100 , 56 , 9
61 , 111101 , 5 , 5
62 , 111110 , 6 , 6
63 , 111111 ,  , 1
64 , 1000000 , 234567 , 7
65 , 1000001 , 23456 , 6
66 , 1000010 , 23457 , 11
67 , 1000011 , 2345 , 5
68 , 1000100 , 23467 , 14
69 , 1000101 , 2346 , 9
70 , 1000110 , 2347 , 13
71 , 1000111 , 234 , 4
72 , 1001000 , 23567 , 15
73 , 1001001 , 2356 , 11
74 , 1001010 , 2357 , 18
75 , 1001011 , 235 , 7
76 , 1001100 , 2367 , 17
77 , 1001101 , 236 , 10
78 , 1001110 , 237 , 13
79 , 1001111 , 23 , 3
80 , 1010000 , 24567 , 14
81 , 1010001 , 2456 , 11
82 , 1010010 , 2457 , 19
83 , 1010011 , 245 , 8
84 , 1010100 , 2467 , 21
85 , 1010101 , 246 , 13
86 , 1010110 , 247 , 18
87 , 1010111 , 24 , 5
88 , 1011000 , 2567 , 17
89 , 1011001 , 256 , 12
90 , 1011010 , 257 , 19
91 , 1011011 , 25 , 7
92 , 1011100 , 267 , 16
93 , 1011101 , 26 , 9
94 , 1011110 , 27 , 11
95 , 1011111 , 2 , 2
96 , 1100000 , 34567 , 11
97 , 1100001 , 3456 , 9
98 , 1100010 , 3457 , 16
99 , 1100011 , 345 , 7
100 , 1100100 , 3467 , 19
101 , 1100101 , 346 , 12
102 , 1100110 , 347 , 17
103 , 1100111 , 34 , 5
104 , 1101000 , 3567 , 18
105 , 1101001 , 356 , 13
106 , 1101010 , 357 , 21
107 , 1101011 , 35 , 8
108 , 1101100 , 367 , 19
109 , 1101101 , 36 , 11
110 , 1101110 , 37 , 14
111 , 1101111 , 3 , 3
112 , 1110000 , 4567 , 13
113 , 1110001 , 456 , 10
114 , 1110010 , 457 , 17
115 , 1110011 , 45 , 7
116 , 1110100 , 467 , 18
117 , 1110101 , 46 , 11
118 , 1110110 , 47 , 15
119 , 1110111 , 4 , 4
120 , 1111000 , 567 , 13
121 , 1111001 , 56 , 9
122 , 1111010 , 57 , 14
123 , 1111011 , 5 , 5
124 , 1111100 , 67 , 11
125 , 1111101 , 6 , 6
126 , 1111110 , 7 , 7
127 , 1111111 ,  , 1

> NOTATION 1 : Soit n un entier écrit en base 2. On pose la suite s(n) définie pour tout naturel k par s(n)_k = n1...10 avec k répétitions de 1 après n. 

Exemple : si n=11010 alors :
s(n)_0 = 110100
s(n)_1 = 1101010
s(n)_2 = 11010110
s(n)_3 = 110101110

> CONJECTURE 8 : pour tout n, f(s(n)) est une suite arithmétique de raison f(n).

> IDEE 2 : si conjecture 8 est vraie, alors il suffit de connaître f(s(n)_0) pour connaître f(s(n)) et le problème est résolu. C'est de loin la piste la plus prometteuse.

> THEOREME 8 : Voici quelques relations entre n et f(s(n)_0) :

n , n base 2 , f(n) , f(s(n)_0) , f(n) base 2 , f(s(n)_0) base 2
2 , 10 , 2 , 3 , 10 , 11
4 , 100 , 3 , 4 , 11 , 100
6 , 110 , 3 , 5 , 11 , 101
8 , 1000 , 4 , 5 , 100 , 101
10 , 1010 , 5 , 8 , 101 , 1000
12 , 1100 , 5 , 7 , 101 , 111
14 , 1110 , 4 , 7 , 100 , 111
16 , 10000 , 5 , 6 , 101 , 110
18 , 10010 , 7 , 11 , 111 , 1011
20 , 10100 , 8 , 11 , 1000 , 1011
22 , 10110 , 7 , 12 , 111 , 1100
24 , 11000 , 7 , 9 , 111 , 1001
26 , 11010 , 8 , 13 , 1000 , 1101
28 , 11100 , 7 , 10 , 111 , 1010
30 , 11110 , 5 , 9 , 101 , 1001
32 , 100000 , 6 , 7 , 110 , 111
34 , 100010 , 9 , 14 , 1001 , 1110
36 , 100100 , 11 , 15 , 1011 , 1111
38 , 100110 , 10 , 17 , 1010 , 10001
40 , 101000 , 11 , 14 , 1011 , 1110
42 , 101010 , 13 , 21 , 1101 , 10101
44 , 101100 , 12 , 17 , 1100 , 10001
46 , 101110 , 9 , 16 , 1001 , 10000
48 , 110000 , 9 , 11 , 1001 , 1011
50 , 110010 , 12 , 19 , 1100 , 10011
52 , 110100 , 13 , 18 , 1101 , 10010
54 , 110110 , 11 , 19 , 1011 , 10011
56 , 111000 , 10 , 13 , 1010 , 1101
58 , 111010 , 11 , 18 , 1011 , 10010
60 , 111100 , 9 , 13 , 1001 , 1101
62 , 111110 , 6 , 11 , 110 , 1011
64 , 1000000 , 7 , 8 , 111 , 1000
66 , 1000010 , 11 , 17 , 1011 , 10001
68 , 1000100 , 14 , 19 , 1110 , 10011
70 , 1000110 , 13 , 22 , 1101 , 10110
72 , 1001000 , 15 , 19 , 1111 , 10011
74 , 1001010 , 18 , 29 , 10010 , 11101
76 , 1001100 , 17 , 24 , 10001 , 11000
78 , 1001110 , 13 , 23 , 1101 , 10111
80 , 1010000 , 14 , 17 , 1110 , 10001
82 , 1010010 , 19 , 30 , 10011 , 11110
84 , 1010100 , 21 , 29 , 10101 , 11101
86 , 1010110 , 18 , 31 , 10010 , 11111
88 , 1011000 , 17 , 22 , 10001 , 10110
90 , 1011010 , 19 , 31 , 10011 , 11111
92 , 1011100 , 16 , 23 , 10000 , 10111
94 , 1011110 , 11 , 20 , 1011 , 10100
96 , 1100000 , 11 , 13 , 1011 , 1101
98 , 1100010 , 16 , 25 , 10000 , 11001
100 , 1100100 , 19 , 26 , 10011 , 11010
102 , 1100110 , 17 , 29 , 10001 , 11101
104 , 1101000 , 18 , 23 , 10010 , 10111
106 , 1101010 , 21 , 34 , 10101 , 100010
108 , 1101100 , 19 , 27 , 10011 , 11011
110 , 1101110 , 14 , 25 , 1110 , 11001
112 , 1110000 , 13 , 16 , 1101 , 10000
114 , 1110010 , 17 , 27 , 10001 , 11011
116 , 1110100 , 18 , 25 , 10010 , 11001
118 , 1110110 , 15 , 26 , 1111 , 11010
120 , 1111000 , 13 , 17 , 1101 , 10001
122 , 1111010 , 14 , 23 , 1110 , 10111
124 , 1111100 , 11 , 16 , 1011 , 10000
126 , 1111110 , 7 , 13 , 111 , 1101
128 , 10000000 , 8 , 9 , 1000 , 1001
130 , 10000010 , 13 , 20 , 1101 , 10100
132 , 10000100 , 17 , 23 , 10001 , 10111
134 , 10000110 , 16 , 27 , 10000 , 11011
136 , 10001000 , 19 , 24 , 10011 , 11000
138 , 10001010 , 23 , 37 , 10111 , 100101
140 , 10001100 , 22 , 31 , 10110 , 11111
142 , 10001110 , 17 , 30 , 10001 , 11110
144 , 10010000 , 19 , 23 , 10011 , 10111
146 , 10010010 , 26 , 41 , 11010 , 101001
148 , 10010100 , 29 , 40 , 11101 , 101000
150 , 10010110 , 25 , 43 , 11001 , 101011
152 , 10011000 , 24 , 31 , 11000 , 11111
154 , 10011010 , 27 , 44 , 11011 , 101100
156 , 10011100 , 23 , 33 , 10111 , 100001
158 , 10011110 , 16 , 29 , 10000 , 11101
160 , 10100000 , 17 , 20 , 10001 , 10100
162 , 10100010 , 25 , 39 , 11001 , 100111
164 , 10100100 , 30 , 41 , 11110 , 101001
166 , 10100110 , 27 , 46 , 11011 , 101110
168 , 10101000 , 29 , 37 , 11101 , 100101
170 , 10101010 , 34 , 55 , 100010 , 110111
172 , 10101100 , 31 , 44 , 11111 , 101100
174 , 10101110 , 23 , 41 , 10111 , 101001
176 , 10110000 , 22 , 27 , 10110 , 11011
178 , 10110010 , 29 , 46 , 11101 , 101110
180 , 10110100 , 31 , 43 , 11111 , 101011
182 , 10110110 , 26 , 45 , 11010 , 101101
184 , 10111000 , 23 , 30 , 10111 , 11110
186 , 10111010 , 25 , 41 , 11001 , 101001
188 , 10111100 , 20 , 29 , 10100 , 11101
190 , 10111110 , 13 , 24 , 1101 , 11000
192 , 11000000 , 13 , 15 , 1101 , 1111
194 , 11000010 , 20 , 31 , 10100 , 11111
196 , 11000100 , 25 , 34 , 11001 , 100010
198 , 11000110 , 23 , 39 , 10111 , 100111
200 , 11001000 , 26 , 33 , 11010 , 100001
202 , 11001010 , 31 , 50 , 11111 , 110010
204 , 11001100 , 29 , 41 , 11101 , 101001
206 , 11001110 , 22 , 39 , 10110 , 100111
208 , 11010000 , 23 , 28 , 10111 , 11100
210 , 11010010 , 31 , 49 , 11111 , 110001
212 , 11010100 , 34 , 47 , 100010 , 101111
214 , 11010110 , 29 , 50 , 11101 , 110010
216 , 11011000 , 27 , 35 , 11011 , 100011
218 , 11011010 , 30 , 49 , 11110 , 110001
220 , 11011100 , 25 , 36 , 11001 , 100100
222 , 11011110 , 17 , 31 , 10001 , 11111
224 , 11100000 , 16 , 19 , 10000 , 10011
226 , 11100010 , 23 , 36 , 10111 , 100100
228 , 11100100 , 27 , 37 , 11011 , 100101
230 , 11100110 , 24 , 41 , 11000 , 101001
232 , 11101000 , 25 , 32 , 11001 , 100000
234 , 11101010 , 29 , 47 , 11101 , 101111
236 , 11101100 , 26 , 37 , 11010 , 100101
238 , 11101110 , 19 , 34 , 10011 , 100010
240 , 11110000 , 17 , 21 , 10001 , 10101
242 , 11110010 , 22 , 35 , 10110 , 100011
244 , 11110100 , 23 , 32 , 10111 , 100000
246 , 11110110 , 19 , 33 , 10011 , 100001
248 , 11111000 , 16 , 21 , 10000 , 10101
250 , 11111010 , 17 , 28 , 10001 , 11100
252 , 11111100 , 13 , 19 , 1101 , 10011
254 , 11111110 , 8 , 15 , 1000 , 1111

