1504170715041707 1
8912517754604 3
2044785486369 506
1311409677241 2527
578033868113 4548
422691927098 11117
267349986083 17686
112008045068 24255
68674149121 55079
25340253174 85903
7346610401 202630
4046188430 724617
745766459 1246604
428410324 6755007
111054189 12263410
15806432 42298633
15397267 326125654
14988102 609952675
14578937 893779696
14169772 1177606717
13760607 1461433738
13351442 1745260759
12942277 2029087780
12533112 2312914801
12123947 2596741822
11714782 2880568843
11305617 3164395864
10896452 3448222885
10487287 3732049906
10078122 4015876927
9668957 4299703948
9259792 4583530969
8850627 4867357990
8441462 5151185011
8032297 5435012032
7623132 5718839053
7213967 6002666074
6804802 6286493095
6395637 6570320116
5986472 6854147137
5577307 7137974158
5168142 7421801179
4758977 7705628200
4349812 7989455221
